"class" "garden" "provenance" "g" "alpha" "beta" "delta" "never_germinated" "provenance_full" "g_without_death" "num_seeds_germinated" "keep" "p_survive_until_x_1" "p_survive_until_x_2" "p_survive_until_x_3" "p_survive_until_x_4" "p_survive_until_x_5" "p_survive_until_x_6" "p_survive_until_x_7" "p_survive_until_x_8" "p_survive_until_x_9" "p_survive_until_x_10" "p_survive_until_x_11" "p_survive_until_x_12" "p_survive_until_x_13" "p_survive_until_x_14" "p_survive_until_x_15" "p_survive_until_x_16" "p_survive_until_x_17" "p_survive_until_x_18" "p_survive_until_x_19" "p_survive_until_x_20"
"01_Abies_France_Corse" "01" "France Corse" 0.999942 0.0596992 0.107666 0.168287 FALSE "Abies_France_Corse" 0.16 8 TRUE 0.707364225782588 0.519044531799722 0.393495804590186 0.3071313378966 0.246037718339947 0.201728796148083 0.168869163561957 0.144010378577816 0.12486670807532 0.109887770485058 0.097999512871863 0.0884432903829325 0.0806735884061311 0.0742916329230625 0.0690014472650733 0.0645802348463846 0.0608580787907097 0.0581947294557366 0.0554344756200111 0.0530710999552364
"01_Abies_France_Haute_Provence" "01" "France Haute Provence" 0.160321 0.025001 0.000163517 0.207745 FALSE "Abies_France_Haute_Provence" 0.14 7 TRUE 0.141259263799471 0.124466626714288 0.109672654298251 0.0966391811900884 0.0851564560993734 0.0769619127890174 0.0678199082325026 0.0597651465291313 0.0526681694100632 0.0464149515831617 0.0419519779530167 0.0369725251032362 0.0325848121256788 0.0287184348111638 0.0253113755047736 0.0223090029119204 0.0201659405093409 0.0177746014119515 0.015667174774665 0.0138099126861606
"01_Abies_France_Massif_Central_West" "01" "France Massif Central West" 0.999893 0.0412282 2.46816e-05 0.184291 FALSE "Abies_France_Massif_Central_West" 0.16 8 TRUE 0.776688406719226 0.629255331929069 0.488793931096463 0.396014017072063 0.307620352123859 0.249232394266042 0.201927764589302 0.156858731183974 0.127088108722794 0.0987240997378241 0.0799878589262314 0.0621366653037256 0.0503446704858584 0.0407907026156202 0.0316878817183817 0.0256747108906522 0.0199454201124114 0.0161607016251269 0.0125546162443139 0.0101724399688643
"01_Abies_France_Pyrenees" "01" "France Pyrenees" 0.999693 0.0369562 0.00224605 0.191377 FALSE "Abies_France_Pyrenees" 0.16 8 TRUE 0.797798435533611 0.66137089738707 0.548498135228211 0.455075031537389 0.363920515863306 0.302206714452484 0.251060385984219 0.208654807176659 0.167201651868163 0.139083896798563 0.115741206143362 0.096354862411254 0.0802478409725328 0.0644665270423331 0.0537372736696283 0.044811536528918 0.0373832030255283 0.0300917631022769 0.0251253653570773 0.0209869041490873
"01_Abies_Georgia_Ambrolauri" "01" "Georgia Ambrolauri" 0.161436 0.00834486 0.000280597 0.198874 FALSE "Abies_Georgia_Ambrolauri" 0.14 7 TRUE 0.153521312323431 0.147224872034347 0.141188326986641 0.135400881713761 0.129852191969273 0.124532345750873 0.119431845127274 0.114541588833816 0.109852855604078 0.105357288206182 0.101046878153809 0.0969139510632591 0.0929511526290683 0.0891514351919132 0.0855080448736294 0.0820145092552592 0.0786646255750685 0.0754524494244584 0.0723722839206404 0.0694186693358459
"01_Abies_Germany_Traunstein" "01" "Germany Traunstein" 0.999924 0.0687093 0.157312 0.136205 FALSE "Abies_Germany_Traunstein" 0.102040816326531 5 TRUE 0.596806792933101 0.407096070663492 0.280950052572008 0.213339758071241 0.168442454180096 0.133907443606123 0.112911720769366 0.0975210242127393 0.0845749827538123 0.076072437461512 0.0694486271161053 0.0635603938170874 0.0595044119738042 0.0562233384593852 0.0532049261537427 0.0510634237659099 0.0492900599753602 0.0476235217744015 0.0464192413661797 0.0454073648170992
"01_Abies_Italy_Lavarone_Trento" "01" "Italy Lavarone Trento" 0.999997 0.0375581 0.0197741 0.171679 FALSE "Abies_Italy_Lavarone_Trento" 0.14 7 TRUE 0.796975315025333 0.638139208583451 0.51329618158114 0.414725995029398 0.336553857770624 0.283719047541455 0.232040042180807 0.190558059935368 0.157124667567446 0.130070138355273 0.108091443118658 0.0929097344785594 0.0777437751656785 0.0652910218516102 0.0550290327966295 0.0465423930289946 0.0394995803310528 0.0345402842678104 0.0294928139041171 0.0252643349065755
"01_Abies_Poland_Sudety" "01" "Poland Sudety" NA NA NA NA FALSE "Abies_Poland_Sudety" 0.06 3 FALSE 0 0 0 0 0 0 0 0 0 0 0 0 0 0 0 0 0 0 0 0
"01_Abies_Romania_SE_Carpathians" "01" "Romania SE Carpathians" 0.999608 0.0257902 8.10112e-05 0.165077 FALSE "Abies_Romania_SE_Carpathians" 0.18 9 TRUE 0.832533055704415 0.711747803995147 0.608494027040391 0.52022597979477 0.444767748010334 0.380259497707055 0.325111540088533 0.277965075019839 0.237658641635191 0.203199446005271 0.173738856576161 0.148551461291494 0.127017168487183 0.108605908991492 0.0928645612412149 0.079405776233823 0.0678984261397886 0.0565642770431247 0.0483684118429224 0.041360610543961
"01_Abies_Slovakia_North_Region" "01" "Slovakia North Region" 0.999125 0.0565286 0.16377 0.136836 FALSE "Abies_Slovakia_North_Region" 0.2 10 TRUE 0.656297969837894 0.481622063895615 0.369995805791469 0.286988480744611 0.237951418083629 0.202797615130037 0.173816974545608 0.155113245237465 0.14074535932341 0.128139654924721 0.119558446919305 0.11268497991325 0.106422454271441 0.102019266057382 0.0984016258581052 0.0954121846910679 0.092610587960423 0.0905927061070629 0.0889030619586885 0.0873005477022539
"03_Abies_France_Corse" "03" "France Corse" NA NA NA NA FALSE "Abies_France_Corse" 0.02 1 FALSE 0 0 0 0 0 0 0 0 0 0 0 0 0 0 0 0 0 0 0 0
"03_Abies_France_Haute_Provence" "03" "France Haute Provence" NA NA NA NA FALSE "Abies_France_Haute_Provence" 0.04 2 FALSE 0 0 0 0 0 0 0 0 0 0 0 0 0 0 0 0 0 0 0 0
"03_Abies_France_Massif_Central_West" "03" "France Massif Central West" NA NA NA NA TRUE "Abies_France_Massif_Central_West" 0 0 FALSE 0 0 0 0 0 0 0 0 0 0 0 0 0 0 0 0 0 0 0 0
"03_Abies_France_Pyrenees" "03" "France Pyrenees" NA NA NA NA FALSE "Abies_France_Pyrenees" 0.02 1 FALSE 0 0 0 0 0 0 0 0 0 0 0 0 0 0 0 0 0 0 0 0
"03_Abies_Georgia_Ambrolauri" "03" "Georgia Ambrolauri" NA NA NA NA FALSE "Abies_Georgia_Ambrolauri" 0.02 1 FALSE 0 0 0 0 0 0 0 0 0 0 0 0 0 0 0 0 0 0 0 0
"03_Abies_Germany_Traunstein" "03" "Germany Traunstein" NA NA NA NA FALSE "Abies_Germany_Traunstein" 0.02 1 FALSE 0 0 0 0 0 0 0 0 0 0 0 0 0 0 0 0 0 0 0 0
"03_Abies_Poland_Sudety" "03" "Poland Sudety" NA NA NA NA FALSE "Abies_Poland_Sudety" 0.02 1 FALSE 0 0 0 0 0 0 0 0 0 0 0 0 0 0 0 0 0 0 0 0
"03_Abies_Romania_SE_Carpathians" "03" "Romania SE Carpathians" NA NA NA NA TRUE "Abies_Romania_SE_Carpathians" 0 0 FALSE 0 0 0 0 0 0 0 0 0 0 0 0 0 0 0 0 0 0 0 0
"03_Abies_Slovakia_North_Region" "03" "Slovakia North Region" NA NA NA NA TRUE "Abies_Slovakia_North_Region" 0 0 FALSE 0 0 0 0 0 0 0 0 0 0 0 0 0 0 0 0 0 0 0 0
"03_Abies_Slovenia_Pohorsko" "03" "Slovenia Pohorsko" NA NA NA NA FALSE "Abies_Slovenia_Pohorsko" 0.04 2 FALSE 0 0 0 0 0 0 0 0 0 0 0 0 0 0 0 0 0 0 0 0
"04_Abies_Austria_Zwischenalp_South" "04" "Austria Zwischenalp South" NA NA NA NA FALSE "Abies_Austria_Zwischenalp_South" 0.02 1 FALSE 0 0 0 0 0 0 0 0 0 0 0 0 0 0 0 0 0 0 0 0
"04_Abies_France_Corse" "04" "France Corse" NA NA NA NA FALSE "Abies_France_Corse" 0.04 2 FALSE 0 0 0 0 0 0 0 0 0 0 0 0 0 0 0 0 0 0 0 0
"04_Abies_France_Haute_Provence" "04" "France Haute Provence" NA NA NA NA FALSE "Abies_France_Haute_Provence" 0.02 1 FALSE 0 0 0 0 0 0 0 0 0 0 0 0 0 0 0 0 0 0 0 0
"04_Abies_France_Massif_Central_West" "04" "France Massif Central West" NA NA NA NA FALSE "Abies_France_Massif_Central_West" 0.02 1 FALSE 0 0 0 0 0 0 0 0 0 0 0 0 0 0 0 0 0 0 0 0
"04_Abies_France_Pyrenees" "04" "France Pyrenees" NA NA NA NA FALSE "Abies_France_Pyrenees" 0.04 2 FALSE 0 0 0 0 0 0 0 0 0 0 0 0 0 0 0 0 0 0 0 0
"04_Abies_Georgia_Ambrolauri" "04" "Georgia Ambrolauri" NA NA NA NA FALSE "Abies_Georgia_Ambrolauri" 0.04 2 FALSE 0 0 0 0 0 0 0 0 0 0 0 0 0 0 0 0 0 0 0 0
"04_Abies_Germany_Traunstein" "04" "Germany Traunstein" NA NA NA NA TRUE "Abies_Germany_Traunstein" 0 0 FALSE 0 0 0 0 0 0 0 0 0 0 0 0 0 0 0 0 0 0 0 0
"04_Abies_Poland_Sudety" "04" "Poland Sudety" NA NA NA NA TRUE "Abies_Poland_Sudety" 0 0 FALSE 0 0 0 0 0 0 0 0 0 0 0 0 0 0 0 0 0 0 0 0
"04_Abies_Romania_SE_Carpathians" "04" "Romania SE Carpathians" NA NA NA NA FALSE "Abies_Romania_SE_Carpathians" 0.08 4 FALSE 0 0 0 0 0 0 0 0 0 0 0 0 0 0 0 0 0 0 0 0
"04_Abies_Slovakia_North_Region" "04" "Slovakia North Region" NA NA NA NA FALSE "Abies_Slovakia_North_Region" 0.04 2 FALSE 0 0 0 0 0 0 0 0 0 0 0 0 0 0 0 0 0 0 0 0
"05_Abies_Croatia_Crni_Lazi" "05" "Croatia Crni Lazi" NA NA NA NA TRUE "Abies_Croatia_Crni_Lazi" 0 0 FALSE 0 0 0 0 0 0 0 0 0 0 0 0 0 0 0 0 0 0 0 0
"05_Abies_France_Corse" "05" "France Corse" NA NA NA NA FALSE "Abies_France_Corse" 0.02 1 FALSE 0 0 0 0 0 0 0 0 0 0 0 0 0 0 0 0 0 0 0 0
"05_Abies_France_Haute_Provence" "05" "France Haute Provence" NA NA NA NA TRUE "Abies_France_Haute_Provence" 0 0 FALSE 0 0 0 0 0 0 0 0 0 0 0 0 0 0 0 0 0 0 0 0
"05_Abies_France_Massif_Central_West" "05" "France Massif Central West" NA NA NA NA FALSE "Abies_France_Massif_Central_West" 0.02 1 FALSE 0 0 0 0 0 0 0 0 0 0 0 0 0 0 0 0 0 0 0 0
"05_Abies_France_Pyrenees" "05" "France Pyrenees" NA NA NA NA FALSE "Abies_France_Pyrenees" 0.02 1 FALSE 0 0 0 0 0 0 0 0 0 0 0 0 0 0 0 0 0 0 0 0
"05_Abies_Georgia_Ambrolauri" "05" "Georgia Ambrolauri" NA NA NA NA TRUE "Abies_Georgia_Ambrolauri" 0 0 FALSE 0 0 0 0 0 0 0 0 0 0 0 0 0 0 0 0 0 0 0 0
"05_Abies_Germany_Traunstein" "05" "Germany Traunstein" NA NA NA NA FALSE "Abies_Germany_Traunstein" 0.08 4 FALSE 0 0 0 0 0 0 0 0 0 0 0 0 0 0 0 0 0 0 0 0
"05_Abies_Poland_Sudety" "05" "Poland Sudety" NA NA NA NA TRUE "Abies_Poland_Sudety" 0 0 FALSE 0 0 0 0 0 0 0 0 0 0 0 0 0 0 0 0 0 0 0 0
"05_Abies_Romania_SE_Carpathians" "05" "Romania SE Carpathians" NA NA NA NA FALSE "Abies_Romania_SE_Carpathians" 0.04 2 FALSE 0 0 0 0 0 0 0 0 0 0 0 0 0 0 0 0 0 0 0 0
"05_Abies_Slovakia_North_Region" "05" "Slovakia North Region" NA NA NA NA TRUE "Abies_Slovakia_North_Region" 0 0 FALSE 0 0 0 0 0 0 0 0 0 0 0 0 0 0 0 0 0 0 0 0
"06_Abies_France_Corse" "06" "France Corse" NA NA NA NA FALSE "Abies_France_Corse" 0.08 4 FALSE 0 0 0 0 0 0 0 0 0 0 0 0 0 0 0 0 0 0 0 0
"06_Abies_France_Haute_Provence" "06" "France Haute Provence" NA NA NA NA FALSE "Abies_France_Haute_Provence" 0.04 2 FALSE 0 0 0 0 0 0 0 0 0 0 0 0 0 0 0 0 0 0 0 0
"06_Abies_France_Massif_Central_West" "06" "France Massif Central West" NA NA NA NA FALSE "Abies_France_Massif_Central_West" 0.04 2 FALSE 0 0 0 0 0 0 0 0 0 0 0 0 0 0 0 0 0 0 0 0
"06_Abies_France_Pyrenees" "06" "France Pyrenees" NA NA NA NA FALSE "Abies_France_Pyrenees" 0.02 1 FALSE 0 0 0 0 0 0 0 0 0 0 0 0 0 0 0 0 0 0 0 0
"06_Abies_Georgia_Ambrolauri" "06" "Georgia Ambrolauri" NA NA NA NA FALSE "Abies_Georgia_Ambrolauri" 0.04 2 FALSE 0 0 0 0 0 0 0 0 0 0 0 0 0 0 0 0 0 0 0 0
"06_Abies_Germany_Traunstein" "06" "Germany Traunstein" 0.99999 0.100343 0.0904314 0.183012 FALSE "Abies_Germany_Traunstein" 0.1 5 TRUE 0.550354728679099 0.350127881599282 0.213733610459991 0.147030205999571 0.0977184744055199 0.0716818551939324 0.0510931242120705 0.0395165794193252 0.0298394288195365 0.0241091500277274 0.0190940298527859 0.0159948277984272 0.0131773713103978 0.0113737491203884 0.00993401409345399 0.00856633541189204 0.00765438837839855 0.00676703990308581 0.00616207959157534 0.00556158679199218
"06_Abies_Poland_Sudety" "06" "Poland Sudety" NA NA NA NA TRUE "Abies_Poland_Sudety" 0 0 FALSE 0 0 0 0 0 0 0 0 0 0 0 0 0 0 0 0 0 0 0 0
"06_Abies_Romania_SE_Carpathians" "06" "Romania SE Carpathians" 0.999999 0.0727673 0.01339 0.402283 FALSE "Abies_Romania_SE_Carpathians" 0.12 6 TRUE 0.799208114544438 0.689712343350199 0.554640115967812 0.480598366740931 0.388805087879136 0.338232686352292 0.275230991538243 0.24035039805633 0.196692007042267 0.172405385493675 0.141867518936042 0.12480093851692 0.103245838133439 0.0911451847368798 0.0757958279862824 0.0671412842464583 0.0561169894158138 0.0498746696469795 0.0418905517183693 0.0373510211793277
"06_Abies_Slovakia_North_Region" "06" "Slovakia North Region" NA NA NA NA FALSE "Abies_Slovakia_North_Region" 0.08 4 FALSE 0 0 0 0 0 0 0 0 0 0 0 0 0 0 0 0 0 0 0 0
"06_Abies_Slovenia_Pohorsko" "06" "Slovenia Pohorsko" NA NA NA NA TRUE "Abies_Slovenia_Pohorsko" 0 0 FALSE 0 0 0 0 0 0 0 0 0 0 0 0 0 0 0 0 0 0 0 0
"07_Abies_Croatia_Crni_Lazi" "07" "Croatia Crni Lazi" NA NA NA NA FALSE "Abies_Croatia_Crni_Lazi" 0.06 3 FALSE 0 0 0 0 0 0 0 0 0 0 0 0 0 0 0 0 0 0 0 0
"07_Abies_France_Corse" "07" "France Corse" 0.240139 0.0114165 0.00248559 0.22317 FALSE "Abies_France_Corse" 0.16 8 TRUE 0.226762467410909 0.216624656607365 0.204616678859047 0.195513714824013 0.184728715995832 0.176550759229875 0.166859212200939 0.159508506975728 0.150795104629406 0.144184604796857 0.136346646143711 0.130398802122784 0.123344767345162 0.117990454827175 0.111638746479889 0.106816319807311 0.101094150227955 0.0967486055085036 0.091591012951884 0.0876732478093346
"07_Abies_France_Haute_Provence" "07" "France Haute Provence" NA NA NA NA FALSE "Abies_France_Haute_Provence" 0.08 4 FALSE 0 0 0 0 0 0 0 0 0 0 0 0 0 0 0 0 0 0 0 0
"07_Abies_France_Massif_Central_West" "07" "France Massif Central West" 0.666844 0.0537078 0.0500757 0.359555 FALSE "Abies_France_Massif_Central_West" 0.28 14 TRUE 0.568466307793882 0.488791373466026 0.423715369768107 0.370136795362023 0.339612807175926 0.300214811562737 0.267147772236673 0.239213439331397 0.215469708329372 0.201593544917015 0.183251956156 0.167429552793437 0.15371185808968 0.145567198648587 0.134640854357193 0.12505301066096 0.116605288074365 0.109133311691793 0.104625504749452 0.0984867621102846
"07_Abies_France_Pyrenees" "07" "France Pyrenees" 0.345359 0.0599902 0.102207 0.315583 FALSE "Abies_France_Pyrenees" 0.18 9 TRUE 0.274977970315989 0.236166916168801 0.205767615516732 0.181622990904994 0.162203275470861 0.141797529004345 0.129608587515091 0.119467143245606 0.110960225024193 0.103771559124165 0.0976561522473286 0.090846249798768 0.0865571448380306 0.0828419469696918 0.0796098152683964 0.0767868144133689 0.0743123134313759 0.0714697920090784 0.0696280750004872 0.0679979968363142
"07_Abies_Georgia_Ambrolauri" "07" "Georgia Ambrolauri" 0.660413 0.0325878 0.0636601 0.275823 FALSE "Abies_Georgia_Ambrolauri" 0.32 16 TRUE 0.581784465012028 0.517009310785717 0.475748840042072 0.428668010846723 0.389019664857742 0.363302267038365 0.333461886798394 0.307874901892804 0.291029648066847 0.271213322410013 0.258061898184423 0.242475361573847 0.22880201589465 0.219629298206957 0.208649232440273 0.198912965901153 0.192323419083448 0.184370548030266 0.178962175146012 0.17240577735182
"07_Abies_Germany_Traunstein" "07" "Germany Traunstein" 0.388951 0.00957584 1.2513e-07 0.2511 FALSE "Abies_Germany_Traunstein" 0.18 9 TRUE 0.374265501288747 0.360134480013561 0.346537000814756 0.333452918789822 0.320862849648012 0.308748140991805 0.297090844682703 0.285873690250428 0.275080059306103 0.26469396092153 0.254700007938077 0.245083394170071 0.235829872468938 0.22692573361557 0.218357786009663 0.210113336125932 0.202180169708242 0.19454653367379 0.187201118700549 0.180133042472151
"07_Abies_Poland_Sudety" "07" "Poland Sudety" 0.115537 0.0103028 0.0713948 0.191995 FALSE "Abies_Poland_Sudety" 0.1 5 TRUE 0.108892597148671 0.104022734665082 0.0996735756419329 0.095777915795751 0.0916221675200638 0.0885355471783164 0.0857479633204244 0.0832248563510347 0.0809364023687357 0.0784638653562405 0.0766054145573514 0.0749100986216594 0.0733611995178307 0.0719440236530643 0.0703991560666392 0.0692282707561095 0.0681526536318382 0.0671634822287146 0.0662528885558988 0.0652540475398516
"07_Abies_Romania_SE_Carpathians" "07" "Romania SE Carpathians" 0.361049 0.0114428 8.50332e-08 0.251877 FALSE "Abies_Romania_SE_Carpathians" 0.28 14 TRUE 0.344804846719369 0.329291544340984 0.314476210634131 0.300327442798474 0.286815250901725 0.273910994312068 0.26158732099062 0.249818109515243 0.238578413712814 0.227844409782597 0.217593345798637 0.207803493484137 0.198454102155603 0.189525354739124 0.180998325765569 0.172854941255658 0.165077940409879 0.157650839022055 0.150557894538994 0.143784072692179
"07_Abies_Slovakia_North_Region" "07" "Slovakia North Region" 0.386643 0.0247934 6.21251e-05 0.345642 FALSE "Abies_Slovakia_North_Region" 0.18 9 TRUE 0.358592721200863 0.332579075398994 0.308454071247423 0.286080479751767 0.265331050976144 0.246087787803411 0.228241272590654 0.21169004286426 0.196340012480179 0.186730640965407 0.173191879602331 0.160635524396824 0.148990232342765 0.138189845560009 0.128173014144307 0.118882846471871 0.110266584958385 0.102275305418187 0.0972724548657693 0.090223628528706
"08_Abies_France_Corse" "08" "France Corse" 0.999968 0.0294576 7.40789e-06 0.15994 FALSE "Abies_France_Corse" 0.183673469387755 9 TRUE 0.811125643132795 0.677916483944233 0.56658466915319 0.459588259006915 0.384112790037279 0.321032627750056 0.268312027538411 0.217644140981772 0.181902708610778 0.152030916542612 0.127064790193114 0.103070598028253 0.0861448509547769 0.0719986600853744 0.060175549750125 0.0488126484027346 0.0407970952107975 0.0340978247762341 0.0284986750513057 0.0231174383002759
"08_Abies_France_Haute_Provence" "08" "France Haute Provence" NA NA NA NA FALSE "Abies_France_Haute_Provence" 0.02 1 FALSE 0 0 0 0 0 0 0 0 0 0 0 0 0 0 0 0 0 0 0 0
"08_Abies_France_Massif_Central_West" "08" "France Massif Central West" 0.999624 0.0362794 8.93214e-05 0.341721 FALSE "Abies_France_Massif_Central_West" 0.18 9 TRUE 0.894732258546686 0.800855213921081 0.716835342473341 0.64163685478414 0.574332883558769 0.514094020958622 0.460178063134282 0.411920834727811 0.368727979531409 0.330067615492723 0.295463762993428 0.264490464930896 0.236766525722713 0.219919115957953 0.196870542562502 0.17623938969133 0.157771918540971 0.141241043396367 0.126443529853605 0.113197487786358
"08_Abies_France_Pyrenees" "08" "France Pyrenees" 0.99971 0.0311261 9.76649e-05 0.171999 FALSE "Abies_France_Pyrenees" 0.224489795918367 11 TRUE 0.826956183448103 0.684068193602187 0.565880505187531 0.468121407203285 0.38725827356884 0.33065542270741 0.273547854163181 0.226307739420513 0.18722935067113 0.154901950137004 0.132271349911016 0.109437003216272 0.0905463660548943 0.0749180189251954 0.0619883347307555 0.0512911077545926 0.0438017979895101 0.0362442810809737 0.0299913119167717 0.0248176044608182
"08_Abies_Georgia_Ambrolauri" "08" "Georgia Ambrolauri" 0.998027 0.0582362 0.410209 0.0886613 FALSE "Abies_Georgia_Ambrolauri" 0.119047619047619 5 TRUE 0.564646403602644 0.401755592847948 0.320183902917074 0.272139039324706 0.246799393639709 0.23117205595057 0.221264922683315 0.214410321524307 0.210384628908536 0.207729463357568 0.205841659202071 0.204712540161141 0.20395925114659 0.203455920304979 0.203094836685868 0.202877568211129 0.202732070940043 0.202627532619674 0.202564565892919 0.20252237198438
"08_Abies_Germany_Traunstein" "08" "Germany Traunstein" NA NA NA NA FALSE "Abies_Germany_Traunstein" 0.0222222222222222 1 FALSE 0 0 0 0 0 0 0 0 0 0 0 0 0 0 0 0 0 0 0 0
"08_Abies_Poland_Sudety" "08" "Poland Sudety" NA NA NA NA FALSE "Abies_Poland_Sudety" 0.06 3 FALSE 0 0 0 0 0 0 0 0 0 0 0 0 0 0 0 0 0 0 0 0
"08_Abies_Romania_SE_Carpathians" "08" "Romania SE Carpathians" 0.992987 0.039515 3.15966e-05 0.26169 FALSE "Abies_Romania_SE_Carpathians" 0.166666666666667 8 TRUE 0.845098610149134 0.719239575046711 0.612127833924231 0.520970393251561 0.443390436795102 0.392887156483393 0.334383813594203 0.284593531182203 0.242218419096256 0.206153954147407 0.175460166098508 0.155478462377759 0.132330891671566 0.112630134696778 0.0958628487552138 0.0815921581588798 0.0723017049255202 0.0615390464470127 0.0523787764237145 0.0445822823238129
"08_Abies_Slovakia_North_Region" "08" "Slovakia North Region" 0.988192 0.0159212 0.000660313 0.0897467 FALSE "Abies_Slovakia_North_Region" 0.159090909090909 7 TRUE 0.815140205794805 0.683350235657166 0.572934129868809 0.48041473356635 0.402882299464359 0.337901615529013 0.283434379769372 0.234008796069515 0.196335690176767 0.164746577283333 0.138255873562173 0.116038148427228 0.0974020206525534 0.0817683221695393 0.0675696381420643 0.0567378707218795 0.0476479603909106 0.0400189237774295 0.0336152441893786 0.0282394918896091
"08_Abies_Slovenia_Pohorsko" "08" "Slovenia Pohorsko" 0.999858 0.0418953 2.43113e-09 0.373674 FALSE "Abies_Slovenia_Pohorsko" 0.1 5 TRUE 0.879381323505919 0.773421338237522 0.680228873033318 0.6244260368573 0.549186579937302 0.483013010170147 0.443388853133823 0.389963252161256 0.342975104168109 0.314839010513685 0.276902866854761 0.24353779277446 0.223559077077936 0.196621598169494 0.172929918059512 0.158743546390446 0.139615936101127 0.122793083962095 0.11271970663887 0.09913768296272
"11_Abies_France_Corse" "11" "France Corse" 0.999977 0.0860304 0.0759956 0.21995 FALSE "Abies_France_Corse" 0.14 7 TRUE 0.652474910199491 0.441167300385222 0.330268925204095 0.236298065388084 0.184434593383807 0.138464509414094 0.11198456477582 0.0875948511758976 0.0730248512550876 0.0591574760505667 0.0487557307530771 0.0422476009144962 0.0357886287328889 0.0316480684773775 0.0274472713048682 0.0246978236433797 0.021855234704885 0.0199613819626644 0.01797143469849 0.0166253119325137
"11_Abies_France_Haute_Provence" "11" "France Haute Provence" NA NA NA NA FALSE "Abies_France_Haute_Provence" 0.04 2 FALSE 0 0 0 0 0 0 0 0 0 0 0 0 0 0 0 0 0 0 0 0
"11_Abies_France_Massif_Central_West" "11" "France Massif Central West" NA NA NA NA FALSE "Abies_France_Massif_Central_West" 0.06 3 FALSE 0 0 0 0 0 0 0 0 0 0 0 0 0 0 0 0 0 0 0 0
"11_Abies_France_Pyrenees" "11" "France Pyrenees" NA NA NA NA FALSE "Abies_France_Pyrenees" 0.04 2 FALSE 0 0 0 0 0 0 0 0 0 0 0 0 0 0 0 0 0 0 0 0
"11_Abies_Georgia_Ambrolauri" "11" "Georgia Ambrolauri" NA NA NA NA FALSE "Abies_Georgia_Ambrolauri" 0.08 4 FALSE 0 0 0 0 0 0 0 0 0 0 0 0 0 0 0 0 0 0 0 0
"11_Abies_Germany_Traunstein" "11" "Germany Traunstein" 0.213554 0.0116948 0.0640045 0.0982134 FALSE "Abies_Germany_Traunstein" 0.18 9 TRUE 0.188534430601991 0.16957197712537 0.153509878392055 0.139818294236738 0.128077976413308 0.117020455835732 0.10836792949759 0.100827655487165 0.0942265541575772 0.0884228015887604 0.0828207080112047 0.0783346182583758 0.0743439945447295 0.0707823461868543 0.0675936680539481 0.0647305643578562 0.0619092825770189 0.0596057379833585 0.0575208728374451 0.0556296742961788
"11_Abies_Poland_Sudety" "11" "Poland Sudety" NA NA NA NA TRUE "Abies_Poland_Sudety" 0 0 FALSE 0 0 0 0 0 0 0 0 0 0 0 0 0 0 0 0 0 0 0 0
"11_Abies_Romania_SE_Carpathians" "11" "Romania SE Carpathians" 0.210112 0.00855005 0.00277001 0.129681 FALSE "Abies_Romania_SE_Carpathians" 0.18 9 TRUE 0.196184910987854 0.183217176238804 0.171140327730964 0.16125391868877 0.150680226972708 0.140827391157844 0.132757351209407 0.124121762953213 0.116070396442283 0.108562274138476 0.102408351036361 0.0958185415794883 0.0896699598181043 0.0846277523687863 0.0792256195045367 0.0741824250240233 0.0694734258499063 0.0656090912945882 0.0614660627186971 0.057595478468392
"11_Abies_Slovakia_North_Region" "11" "Slovakia North Region" 0.18543 0.0121847 5.22898e-06 0.132164 FALSE "Abies_Slovakia_North_Region" 0.15 6 TRUE 0.16810712466013 0.152402635922858 0.139869569005899 0.126803149183615 0.116375399888176 0.105503880459073 0.0968277787000148 0.0877824424113905 0.0795821354471074 0.0730378062049249 0.0662149556567028 0.0607699127506189 0.055093127834243 0.0505627095110344 0.0458394712450506 0.0415574697367685 0.038140168049078 0.0345774167465795 0.0317341184165798 0.0287697987725083
"11_Abies_Slovenia_Pohorsko" "11" "Slovenia Pohorsko" NA NA NA NA FALSE "Abies_Slovenia_Pohorsko" 0.06 3 FALSE 0 0 0 0 0 0 0 0 0 0 0 0 0 0 0 0 0 0 0 0
"12_Abies_France_Corse" "12" "France Corse" 0.0717631 0.0104687 0.0035367 0.124883 FALSE "Abies_France_Corse" 0.16 8 TRUE 0.0652917343571559 0.0600499957295996 0.0552454636046729 0.0508403662335512 0.0468003032471729 0.0430939354408775 0.0396927039299388 0.0365705758193555 0.033703813816263 0.0310707674692035 0.0286516839482764 0.0264285364866233 0.0243848687891916 0.0225056538814635 0.0207771660207504 0.0191868644274953 0.0177232877153326 0.0163759580078256 0.0151352938280794 0.0139925309359165
"12_Abies_France_Haute_Provence" "12" "France Haute Provence" NA NA NA NA FALSE "Abies_France_Haute_Provence" 0.06 3 FALSE 0 0 0 0 0 0 0 0 0 0 0 0 0 0 0 0 0 0 0 0
"12_Abies_France_Massif_Central_West" "12" "France Massif Central West" 0.999882 0.0450325 0.00316658 0.16668 FALSE "Abies_France_Massif_Central_West" 0.16 8 TRUE 0.758764534104313 0.576305857952685 0.438112354170109 0.333352058672027 0.25386608438983 0.193503515173586 0.147623126356214 0.112719756643533 0.0861439007626014 0.0658910789628939 0.0504434812569472 0.0386508086647184 0.0296405311004008 0.0227502411401932 0.0174766191918313 0.0134368977065434 0.0103397382480546 0.00796320334615112 0.00613808050619386 0.00473524721890691
"12_Abies_France_Pyrenees" "12" "France Pyrenees" 0.997829 0.0351462 1.38415e-06 0.272357 FALSE "Abies_France_Pyrenees" 0.18 9 TRUE 0.864773211588058 0.749459949339694 0.649523287202451 0.583417580261889 0.505622015666458 0.438200163221368 0.393602199929599 0.341117691132842 0.295631743904283 0.265543847916717 0.230135296606989 0.199448289976505 0.179149538142854 0.155261201987832 0.134558237709888 0.120863693870628 0.10474743010607 0.0907801687430025 0.0815411355201182 0.0706682816049363
"12_Abies_Georgia_Ambrolauri" "12" "Georgia Ambrolauri" NA NA NA NA FALSE "Abies_Georgia_Ambrolauri" 0.06 3 FALSE 0 0 0 0 0 0 0 0 0 0 0 0 0 0 0 0 0 0 0 0
"12_Abies_Germany_Traunstein" "12" "Germany Traunstein" 0.17772 0.0014799 0.000852182 0.108928 FALSE "Abies_Germany_Traunstein" 0.14 7 TRUE 0.175108692484722 0.172793367907472 0.17051055372683 0.168259768423914 0.166040537963694 0.163611167748996 0.16145702934292 0.159333017551079 0.157238687850586 0.155173602602378 0.153137330939794 0.150908084854164 0.148931256777392 0.146981943939311 0.14505974218451 0.143164253589179 0.1410890090743 0.139248635632844 0.137433776132522 0.135644057231333
"12_Abies_Poland_Sudety" "12" "Poland Sudety" NA NA NA NA FALSE "Abies_Poland_Sudety" 0.06 3 FALSE 0 0 0 0 0 0 0 0 0 0 0 0 0 0 0 0 0 0 0 0
"12_Abies_Romania_SE_Carpathians" "12" "Romania SE Carpathians" 0.088791 0.0595282 0.16524 0.254178 FALSE "Abies_Romania_SE_Carpathians" 0.2 10 TRUE 0.0712136173506219 0.0591457980583866 0.0505828470523662 0.0443365558855233 0.0396732129808937 0.0361231158164157 0.0333758175558189 0.0312202214847862 0.0295091039657466 0.028137434740834 0.0270287483979599 0.0261263544053191 0.0253875337553566 0.0247796244877741 0.0242773286988672 0.0239578267616348 0.0235951865899979 0.0232930014242993 0.0230406317903749 0.0228294687945314
"12_Abies_Slovakia_North_Region" "12" "Slovakia North Region" 0.188294 0.00567879 2.87737e-06 0.128247 FALSE "Abies_Slovakia_North_Region" 0.28 14 TRUE 0.179907861973488 0.171895244487567 0.164239509817767 0.156924761379725 0.150792114826625 0.144076310552356 0.137659625545155 0.131528736324206 0.125670912904925 0.120759741581516 0.115381560172863 0.110242917458902 0.105333143969155 0.100642045499428 0.0967090484037399 0.0924020545128877 0.0882868870153726 0.0843550017501935 0.0805982351464063 0.0774485759879603
"12_Abies_Slovenia_Pohorsko" "12" "Slovenia Pohorsko" NA NA NA NA FALSE "Abies_Slovenia_Pohorsko" 0.04 2 FALSE 0 0 0 0 0 0 0 0 0 0 0 0 0 0 0 0 0 0 0 0
"13_Abies_France_Corse" "13" "France Corse" NA NA NA NA FALSE "Abies_France_Corse" 0.02 1 FALSE 0 0 0 0 0 0 0 0 0 0 0 0 0 0 0 0 0 0 0 0
"13_Abies_France_Haute_Provence" "13" "France Haute Provence" NA NA NA NA FALSE "Abies_France_Haute_Provence" 0.04 2 FALSE 0 0 0 0 0 0 0 0 0 0 0 0 0 0 0 0 0 0 0 0
"13_Abies_France_Massif_Central_West" "13" "France Massif Central West" 0.0935188 5.93283e-06 0.00816154 0.154822 FALSE "Abies_France_Massif_Central_West" 0.1 5 TRUE 0.0935149358187215 0.0935116508841705 0.0935078499493095 0.0935046187784271 0.0935008800501681 0.0934977017591068 0.0934940242148794 0.0934908979344482 0.0934872805686365 0.0934842054440536 0.0934806472677102 0.0934776224583604 0.093474620591768 0.0934711471781215 0.0934681944231593 0.0934647778338952 0.0934618733838113 0.0934585126855435 0.093455655746944 0.0934523500217391
"13_Abies_France_Pyrenees" "13" "France Pyrenees" NA NA NA NA FALSE "Abies_France_Pyrenees" 0.04 2 FALSE 0 0 0 0 0 0 0 0 0 0 0 0 0 0 0 0 0 0 0 0
"13_Abies_Georgia_Ambrolauri" "13" "Georgia Ambrolauri" 0.261841 3.71559e-05 0.0077331 0.179926 FALSE "Abies_Georgia_Ambrolauri" 0.24 12 TRUE 0.261782915157205 0.261725325940201 0.26167771040109 0.261621018603563 0.261574144919755 0.261518336217562 0.261472192552264 0.261417252860133 0.261362781320784 0.261317743041049 0.26126411920351 0.261219781694188 0.261166992062061 0.261123344169941 0.261071375470876 0.26102840622778 0.260977245409483 0.260926519829497 0.260884578255289 0.260834640808103
"13_Abies_Germany_Traunstein" "13" "Germany Traunstein" NA NA NA NA FALSE "Abies_Germany_Traunstein" 0.02 1 FALSE 0 0 0 0 0 0 0 0 0 0 0 0 0 0 0 0 0 0 0 0
"13_Abies_Poland_Sudety" "13" "Poland Sudety" NA NA NA NA FALSE "Abies_Poland_Sudety" 0.04 2 FALSE 0 0 0 0 0 0 0 0 0 0 0 0 0 0 0 0 0 0 0 0
"13_Abies_Romania_SE_Carpathians" "13" "Romania SE Carpathians" 0.157869 0.000362317 0.983487 0.170901 FALSE "Abies_Romania_SE_Carpathians" 0.16 8 TRUE 0.157670588505918 0.157598280164789 0.157571912808181 0.157562295835448 0.157558787958772 0.157557508392741 0.157557090698841 0.157556889277233 0.157556815803656 0.157556789002312 0.157556779225843 0.157556775659627 0.15755677435876 0.15755677393411 0.157556773729333 0.157556773654636 0.157556773627388 0.157556773617449 0.157556773613823 0.157556773612501
"13_Abies_Slovakia_North_Region" "13" "Slovakia North Region" NA NA NA NA FALSE "Abies_Slovakia_North_Region" 0.02 1 FALSE 0 0 0 0 0 0 0 0 0 0 0 0 0 0 0 0 0 0 0 0
"13_Abies_Slovenia_Pohorsko" "13" "Slovenia Pohorsko" NA NA NA NA FALSE "Abies_Slovenia_Pohorsko" 0.04 2 FALSE 0 0 0 0 0 0 0 0 0 0 0 0 0 0 0 0 0 0 0 0
"14_Abies_France_Corse" "14" "France Corse" 0.999642 0.0815871 1.54849e-10 1.41752e-10 FALSE "Abies_France_Corse" 0.16 8 TRUE 0 0 0 0 0 0 0 0 0 0 0 0 0 0 0 0 0 0 0 0
"14_Abies_France_Haute_Provence" "14" "France Haute Provence" 0.999556 0.0769369 0.000164987 0.000713944 FALSE "Abies_France_Haute_Provence" 0.2 10 TRUE 1.96413793298577e-49 3.9346347194055e-98 8.03531570553104e-147 1.81221944534329e-195 3.84619263832395e-244 8.32171584154499e-293 0 0 0 0 0 0 0 0 0 0 0 0 0 0
"14_Abies_France_Massif_Central_West" "14" "France Massif Central West" 0.999996 0.192065 0.579719 0.100432 FALSE "Abies_France_Massif_Central_West" 0.145833333333333 7 TRUE 0.216915444229167 0.0951667745874929 0.0605830767070216 0.0471960700880567 0.0410833577942591 0.0380293224157992 0.0364258799419937 0.0355605649338862 0.035086390611134 0.0348243285365072 0.0346788041010303 0.0345977787757982 0.0345525984280832 0.0345273846454199 0.0345133070870924 0.0345054451622377 0.0345010538619858 0.0344986008910704 0.0344972306050408 0.0344964651124508
"14_Abies_France_Pyrenees" "14" "France Pyrenees" 0.999705 0.378777 0.999985 0.144823 FALSE "Abies_France_Pyrenees" 0.122448979591837 6 TRUE 0.169572167577769 0.0941866556159437 0.0765605486301658 0.0710700314567041 0.0691834900772603 0.0685122839827369 0.0682704614394389 0.0681829408202999 0.0681512130841348 0.0681397043600265 0.0681358994070027 0.0681341482610548 0.0681335128569977 0.0681332822976047 0.0681331986376661 0.0681331682810787 0.0681331572659746 0.0681331532690649 0.0681331518187573 0.0681331512925027
"14_Abies_Georgia_Ambrolauri" "14" "Georgia Ambrolauri" 0.999882 0.35145 0.824976 0.179153 FALSE "Abies_Georgia_Ambrolauri" 0.208333333333333 10 TRUE 0.228398141462835 0.130244997585268 0.106661917046555 0.0959181854763615 0.0922816396874181 0.0903881055651488 0.0896201811872885 0.0893408704728952 0.0891911022768437 0.0891363537108243 0.089106936345913 0.0890961720358889 0.0890903858278792 0.0890880021458308 0.0890871297223072 0.0890866607199638 0.0890864890632084 0.0890863967824054 0.089086358764631 0.0890863448499224
"14_Abies_Germany_Traunstein" "14" "Germany Traunstein" 0.999981 0.111233 0.437118 0.0557212 FALSE "Abies_Germany_Traunstein" 0.163265306122449 8 TRUE 0.186661380695513 0.0643931212093933 0.0326501972045825 0.0211312256383493 0.0159796500841926 0.0133507198044541 0.0118916157371879 0.0110371160734452 0.0105191581037461 0.0101981690454757 0.00999639170021585 0.00986838309339089 0.0097866921864209 0.00973436063821734 0.0097007543314678 0.009679138780871 0.00966522145676792 0.00965625478023426 0.00965073415002148 0.00964691594529464
"14_Abies_Poland_Sudety" "14" "Poland Sudety" 0.999697 0.0694999 0.998244 1.47505e-08 FALSE "Abies_Poland_Sudety" 0.24 12 TRUE 1.54167430085982e-313 1.54167430085982e-313 1.54167430085982e-313 1.54167430085982e-313 1.54167430085982e-313 1.54167430085982e-313 1.54167430085982e-313 1.54167430085982e-313 1.54167430085982e-313 1.54167430085982e-313 1.54167430085982e-313 1.54167430085982e-313 1.54167430085982e-313 1.54167430085982e-313 1.54167430085982e-313 1.54167430085982e-313 1.54167430085982e-313 1.54167430085982e-313 1.54167430085982e-313 1.54167430085982e-313
"14_Abies_Romania_SE_Carpathians" "14" "Romania SE Carpathians" 1 0.240547 1 0.108844 FALSE "Abies_Romania_SE_Carpathians" 0.229166666666667 11 TRUE 0.221730337209278 0.141100399000729 0.119418107171246 0.112210765122452 0.109624408850847 0.108610718417081 0.108291362685443 0.10817171229179 0.108126824024953 0.108109975224412 0.108103257680844 0.108101127758735 0.108100328063737 0.10810002780966 0.108099915075664 0.10809987274828 0.108099855870601 0.108099850518989 0.108099848509658 0.108099847755229
"14_Abies_Slovakia_North_Region" "14" "Slovakia North Region" 0.999981 0.112164 0.558596 0.0588796 FALSE "Abies_Slovakia_North_Region" 0.208333333333333 10 TRUE 0.222468393875279 0.0958067386253759 0.0594990141074956 0.0453900884030162 0.038903879212229 0.0356273153662614 0.0338815385299034 0.0329227867412064 0.0323870973431434 0.0320848288658373 0.031913309695702 0.0318156699803611 0.0317599851356431 0.0317281942312133 0.0317100336787882 0.0316996559090054 0.031693724415232 0.0316903338448871 0.031688395597338 0.0316872875415585
"14_Abies_Slovenia_Pohorsko" "14" "Slovenia Pohorsko" 0.999981 0.0797652 0.315064 0.0607435 FALSE "Abies_Slovenia_Pohorsko" 0.270833333333333 13 TRUE 0.305020414206565 0.136151049562018 0.0731715749744331 0.0478939099793363 0.0345233994294978 0.0275961345274847 0.023205621790452 0.0206082913404436 0.0187983826721045 0.0176504358797045 0.0168094600892664 0.0162560699385498 0.0158397724249176 0.015560439928711 0.0153579693181197 0.0152028483807573 0.0150973540214917 0.0150160849090897 0.0149605914059809 0.0149177160602641
"16_Abies_Austria_Zwischenalp_South" "16" "Austria Zwischenalp South" NA NA NA NA FALSE "Abies_Austria_Zwischenalp_South" 0.02 1 FALSE 0 0 0 0 0 0 0 0 0 0 0 0 0 0 0 0 0 0 0 0
"16_Abies_France_Corse" "16" "France Corse" NA NA NA NA TRUE "Abies_France_Corse" 0 0 FALSE 0 0 0 0 0 0 0 0 0 0 0 0 0 0 0 0 0 0 0 0
"16_Abies_France_Haute_Provence" "16" "France Haute Provence" NA NA NA NA TRUE "Abies_France_Haute_Provence" 0 0 FALSE 0 0 0 0 0 0 0 0 0 0 0 0 0 0 0 0 0 0 0 0
"16_Abies_France_Massif_Central_West" "16" "France Massif Central West" NA NA NA NA TRUE "Abies_France_Massif_Central_West" 0 0 FALSE 0 0 0 0 0 0 0 0 0 0 0 0 0 0 0 0 0 0 0 0
"16_Abies_France_Pyrenees" "16" "France Pyrenees" NA NA NA NA TRUE "Abies_France_Pyrenees" 0 0 FALSE 0 0 0 0 0 0 0 0 0 0 0 0 0 0 0 0 0 0 0 0
"16_Abies_Georgia_Ambrolauri" "16" "Georgia Ambrolauri" NA NA NA NA FALSE "Abies_Georgia_Ambrolauri" 0.02 1 FALSE 0 0 0 0 0 0 0 0 0 0 0 0 0 0 0 0 0 0 0 0
"16_Abies_Germany_Traunstein" "16" "Germany Traunstein" NA NA NA NA FALSE "Abies_Germany_Traunstein" 0.02 1 FALSE 0 0 0 0 0 0 0 0 0 0 0 0 0 0 0 0 0 0 0 0
"16_Abies_Poland_Sudety" "16" "Poland Sudety" NA NA NA NA FALSE "Abies_Poland_Sudety" 0.0204081632653061 1 FALSE 0 0 0 0 0 0 0 0 0 0 0 0 0 0 0 0 0 0 0 0
"16_Abies_Romania_SE_Carpathians" "16" "Romania SE Carpathians" NA NA NA NA TRUE "Abies_Romania_SE_Carpathians" 0 0 FALSE 0 0 0 0 0 0 0 0 0 0 0 0 0 0 0 0 0 0 0 0
"16_Abies_Slovakia_North_Region" "16" "Slovakia North Region" NA NA NA NA TRUE "Abies_Slovakia_North_Region" 0 0 FALSE 0 0 0 0 0 0 0 0 0 0 0 0 0 0 0 0 0 0 0 0
"17_Abies_Austria_Zwischenalp_South" "17" "Austria Zwischenalp South" 0.998536 0.0259953 3.94148e-05 0.13953 FALSE "Abies_Austria_Zwischenalp_South" 0.22 11 TRUE 0.808824768574821 0.672646929933218 0.559400705512978 0.465223857789596 0.386904757329199 0.31341021048805 0.260652517726604 0.216777313609779 0.180288845740809 0.149943280709455 0.124706267724013 0.101022770229517 0.0840208820284926 0.0698808728638315 0.0581209263203004 0.0483403572161478 0.0402059478281546 0.0325719089314163 0.0270913314509991 0.0225330825970408
"17_Abies_France_Corse" "17" "France Corse" 0.148397 0.0175184 0.00167539 0.175464 FALSE "Abies_France_Corse" 0.28 14 TRUE 0.133480999361065 0.120086882561482 0.108057107559497 0.0989723177987923 0.0890883290446148 0.0802064173502007 0.0734955964380002 0.0661908823601477 0.059623277061354 0.0546586459263895 0.049252052569923 0.0443884735135026 0.0400125612556944 0.0367025309815848 0.0330954992111523 0.0298484454671356 0.0273911291312595 0.0247120487952204 0.0222990840358461 0.0204721210812921
"17_Abies_France_Haute_Provence" "17" "France Haute Provence" 0.999987 0.0364171 1.2505e-05 0.127399 FALSE "Abies_France_Haute_Provence" 0.12 6 TRUE 0.74320388257777 0.552361320192431 0.410525578318764 0.305111697161029 0.226766641030817 0.168539286119329 0.129997277712429 0.0966182969907128 0.0718102059209288 0.0533721427891294 0.0396684087552322 0.0294833340717347 0.0219134158487339 0.0169025898822775 0.0125628992907233 0.00933744755928713 0.00694013864208964 0.00515833793191588 0.00383400881474577 0.00295736468005327
"17_Abies_France_Massif_Central_West" "17" "France Massif Central West" 0.0246161 2.21224e-05 0.38443 0.119818 FALSE "Abies_France_Massif_Central_West" 0.12 6 TRUE 0.0246121797953379 0.0246098279328144 0.0246080367438453 0.0246069620733255 0.0246062186701438 0.0246056524576287 0.0246053127298293 0.0246050777170979 0.0246048987164823 0.024604791314638 0.0246047170169 0.024604660426693 0.0246046264719642 0.0246046029829257 0.0246045850920442 0.0246045743573104 0.0246045669312819 0.0246045612751001 0.0246045578813248 0.0246045555335928
"17_Abies_France_Pyrenees" "17" "France Pyrenees" 0.0992049 5.21833e-06 0.00305548 0.134576 FALSE "Abies_France_Pyrenees" 0.24 12 TRUE 0.0992007662584652 0.0991971605132555 0.0991930525098657 0.0991894692144484 0.0991853867869932 0.0991818257998927 0.0991777687872079 0.0991742299678609 0.099170701445617 0.0991666814185711 0.099163174859559 0.0991591798541737 0.0991556951200547 0.0991517249787388 0.0991482619320652 0.0991448089594114 0.0991408750024525 0.0991374435172544 0.0991335340399662 0.0991301239069494
"17_Abies_Georgia_Ambrolauri" "17" "Georgia Ambrolauri" 0.164801 1.40429e-05 0.912376 0.156359 FALSE "Abies_Georgia_Ambrolauri" 0.34 17 TRUE 0.164791467412709 0.164788269885217 0.164786777906904 0.164786277433316 0.164786064792737 0.164785965572435 0.164785932289484 0.1647859167593 0.164785911549776 0.164785909336355 0.164785908303549 0.164785907957099 0.164785907795442 0.164785907741215 0.164785907718175 0.164785907707424 0.164785907703818 0.164785907702135 0.16478590770157 0.164785907701331
"17_Abies_Germany_Traunstein" "17" "Germany Traunstein" 0.13938 0.00951222 6.52478e-07 0.133705 FALSE "Abies_Germany_Traunstein" 0.14 7 TRUE 0.129119979426717 0.120763956145862 0.111874308370816 0.104634351077472 0.0969320417207919 0.0906590827152184 0.0839855246496424 0.0785504066635832 0.0727681946557783 0.0680590114673149 0.0630490929684878 0.0589688852269481 0.0546281090564473 0.0510928678721218 0.0473318603190663 0.0442687975097769 0.0410101221197126 0.0383561714970852 0.0355327346521053 0.0332332534877908
"17_Abies_Poland_Sudety" "17" "Poland Sudety" 0.999372 0.0345081 7.69914e-09 0.138538 FALSE "Abies_Poland_Sudety" 0.16 8 TRUE 0.754599051374424 0.590142237007222 0.461527032025978 0.360942139591343 0.272537752254034 0.213141057805287 0.166689239312703 0.130361099079905 0.101950289383622 0.0769799365814784 0.0602029815491137 0.0470823847761571 0.0368212819915339 0.0278027653944257 0.0217434497784598 0.0170046972826073 0.0132987052725976 0.0104003946273525 0.00785305995252944 0.00614156951307078
"17_Abies_Romania_SE_Carpathians" "17" "Romania SE Carpathians" 0.282318 0.0011128 0.0207974 0.1285 FALSE "Abies_Romania_SE_Carpathians" 0.28 14 TRUE 0.27984422546081 0.277443800511654 0.275114120379859 0.272852691626419 0.270928049385477 0.268788235498861 0.266710075276147 0.264691456722723 0.262730354775737 0.261060043269475 0.259201611739799 0.257395321865595 0.255639447725293 0.254143109919471 0.252477349350269 0.250857412928567 0.249281822844393 0.247749158278381 0.246442213644134 0.244986392380524
"17_Abies_Slovakia_North_Region" "17" "Slovakia North Region" 0.999952 0.0385459 0.000672144 0.15246 FALSE "Abies_Slovakia_North_Region" 0.14 7 TRUE 0.759502117526561 0.576987204786942 0.45595783774544 0.346516518016144 0.273918433707285 0.208248726592742 0.164671444466072 0.125239407497376 0.0952687888470522 0.0753701666801388 0.0573548813744221 0.0453897043125153 0.0345532825024382 0.0273535830993338 0.0208308506438406 0.0164956590501362 0.0125667522975766 0.00957553005600704 0.00758642287801472 0.00578278540233541
"20_Abies_Austria_Zwischenalp_South" "20" "Austria Zwischenalp South" NA NA NA NA FALSE "Abies_Austria_Zwischenalp_South" 0.06 3 FALSE 0 0 0 0 0 0 0 0 0 0 0 0 0 0 0 0 0 0 0 0
"20_Abies_France_Corse" "20" "France Corse" NA NA NA NA FALSE "Abies_France_Corse" 0.02 1 FALSE 0 0 0 0 0 0 0 0 0 0 0 0 0 0 0 0 0 0 0 0
"20_Abies_France_Haute_Provence" "20" "France Haute Provence" NA NA NA NA FALSE "Abies_France_Haute_Provence" 0.04 2 FALSE 0 0 0 0 0 0 0 0 0 0 0 0 0 0 0 0 0 0 0 0
"20_Abies_France_Massif_Central_West" "20" "France Massif Central West" NA NA NA NA FALSE "Abies_France_Massif_Central_West" 0.02 1 FALSE 0 0 0 0 0 0 0 0 0 0 0 0 0 0 0 0 0 0 0 0
"20_Abies_France_Pyrenees" "20" "France Pyrenees" NA NA NA NA FALSE "Abies_France_Pyrenees" 0.04 2 FALSE 0 0 0 0 0 0 0 0 0 0 0 0 0 0 0 0 0 0 0 0
"20_Abies_Georgia_Ambrolauri" "20" "Georgia Ambrolauri" 0.19899 0.0191117 0.000116359 0.376059 FALSE "Abies_Georgia_Ambrolauri" 0.14 7 TRUE 0.18779850751031 0.177237800912225 0.170530087394657 0.160942514847904 0.151895141414212 0.146148534761798 0.137934566771526 0.130183245460072 0.125259766139041 0.118222223682739 0.111580930709739 0.107362446399473 0.101332510156995 0.0956419737586356 0.0920273389807868 0.0868604625597532 0.0819843083606563 0.0788869171360311 0.0744593303541104 0.0702807832079903
"20_Abies_Germany_Traunstein" "20" "Germany Traunstein" 0.184691 0.0865851 0.000147669 0.403704 FALSE "Abies_Germany_Traunstein" 0.1 5 TRUE 0.140755291998115 0.117441881442807 0.0895114931619781 0.0746898523136158 0.0569317053077206 0.0475074275271576 0.0362151997386945 0.0302219666182078 0.0230403386537937 0.0192284909327714 0.0146604767248883 0.0122357032419098 0.00932971911012294 0.00778706683262991 0.00593813772032544 0.00495655673968799 0.00378001187488814 0.00315534939009947 0.00240656304777962 0.00200898179895193
"20_Abies_Poland_Sudety" "20" "Poland Sudety" NA NA NA NA FALSE "Abies_Poland_Sudety" 0.04 2 FALSE 0 0 0 0 0 0 0 0 0 0 0 0 0 0 0 0 0 0 0 0
"20_Abies_Romania_SE_Carpathians" "20" "Romania SE Carpathians" NA NA NA NA FALSE "Abies_Romania_SE_Carpathians" 0.06 3 FALSE 0 0 0 0 0 0 0 0 0 0 0 0 0 0 0 0 0 0 0 0
"20_Abies_Slovakia_North_Region" "20" "Slovakia North Region" 0.259994 0.025641 5.34674e-06 0.23163 FALSE "Abies_Slovakia_North_Region" 0.2 10 TRUE 0.228327669061181 0.205795072432221 0.185486209778567 0.162895003882877 0.146819901734035 0.132331221164872 0.116214248352661 0.10474595925084 0.0944094365014776 0.0829112347455646 0.074729490201378 0.0673551616352155 0.0591520472342277 0.0533149679736753 0.0480539123337792 0.0422015662093539 0.0380372120475957 0.0342838047186856 0.030108543700035 0.0271375473644978
"21_21A1_Abies_France_Haute_Provence" "21_21A1" "France Haute Provence" 0.999981 0.0560032 2.9083e-09 0.46975 FALSE "Abies_France_Haute_Provence" 0.45 9 TRUE 0.841207846279721 0.749625513616424 0.668013753476104 0.595287069172836 0.530478142097033 0.472724965662319 0.421259379980283 0.354373430145967 0.315792781065864 0.281412408838232 0.250775029139418 0.223473142211064 0.199143612812074 0.177462840251498 0.15814245426017 0.133033202019499 0.118549872484228 0.105643343595706 0.0941419490028005 0.0838927116774761
"21_21A1_Abies_France_Massif_Central_West" "21_21A1" "France Massif Central West" 0.750146 0.021986 0.000324598 0.304031 FALSE "Abies_France_Massif_Central_West" 0.5 15 TRUE 0.686334322564448 0.642078710699896 0.600688735253491 0.5496394778047 0.514232289889207 0.481115584460282 0.440267195690549 0.411933010936714 0.385429997827252 0.360639318486076 0.330057747457914 0.308842922598465 0.288997450698263 0.264514358826522 0.247528808348596 0.231638571159289 0.216772720694671 0.198431085570666 0.185704990019358 0.173798512507133
"21_21A1_Abies_France_Pyrenees" "21_21A1" "France Pyrenees" 0.482501 0.017094 0.00180397 0.309314 FALSE "Abies_France_Pyrenees" 0.35 14 TRUE 0.450389514777351 0.427759791378895 0.406302426860873 0.385954917318499 0.360449700765299 0.342467655355068 0.325410785478567 0.309230094885601 0.288939075399904 0.27462696244564 0.261046144886127 0.248158152513388 0.23198927916912 0.220579741159098 0.209749180402098 0.199467342601675 0.18970559862698 0.177452356989912 0.168801297741204 0.160585526038306
"21_21A1_Abies_Georgia_Ambrolauri" "21_21A1" "Georgia Ambrolauri" NA NA NA NA FALSE "Abies_Georgia_Ambrolauri" 0.05 1 FALSE 0 0 0 0 0 0 0 0 0 0 0 0 0 0 0 0 0 0 0 0
"21_21A1_Abies_Germany_Traunstein" "21_21A1" "Germany Traunstein" 0.952846 0.0456296 0.135039 0.118689 FALSE "Abies_Germany_Traunstein" 0.291666666666667 14 TRUE 0.646676250947025 0.479181716124094 0.357254439674348 0.284634455718445 0.227803357072774 0.191718539160736 0.164765856163019 0.142016766209454 0.126575372127067 0.11305997087303 0.103587399510639 0.0950646346910399 0.0889443809918904 0.0838897181187565 0.0792082811409097 0.0757596664443623 0.0725207417468597 0.0701052229247494 0.0678123426249537 0.066086292354576
"21_21A1_Abies_Italy_Lavarone_Trento" "21_21A1" "Italy Lavarone Trento" NA NA NA NA TRUE "Abies_Italy_Lavarone_Trento" 0 0 FALSE 0 0 0 0 0 0 0 0 0 0 0 0 0 0 0 0 0 0 0 0
"21_21A1_Abies_Poland_Sudety" "21_21A1" "Poland Sudety" NA NA NA NA TRUE "Abies_Poland_Sudety" 0 0 FALSE 0 0 0 0 0 0 0 0 0 0 0 0 0 0 0 0 0 0 0 0
"21_21A1_Abies_Romania_SE_Carpathians" "21_21A1" "Romania SE Carpathians" 0.999974 0.0343897 0.000314667 0.203947 FALSE "Abies_Romania_SE_Carpathians" 0.4 12 TRUE 0.839485199723709 0.704793979729825 0.59174708274694 0.49686093829846 0.41721351305268 0.350353653453797 0.29422508706876 0.247102708793714 0.207539163077401 0.174320055792421 0.151622271941033 0.127366380452487 0.106996933598809 0.0898902452120244 0.0755228724631209 0.0634554790350845 0.0533192999611409 0.0448047880281092 0.0376520895838532 0.0316430545229376
"21_21A1_Abies_Slovakia_North_Region" "21_21A1" "Slovakia North Region" 0.382128 0.0161271 5.44799e-08 0.191704 FALSE "Abies_Slovakia_North_Region" 0.3 6 TRUE 0.34661140876667 0.319549284171938 0.294600070479953 0.271598799299882 0.246355264401654 0.227120769298126 0.209388032330578 0.193039801716073 0.177967980267531 0.161426891863054 0.14882328888053 0.137203728278421 0.126491379646754 0.114734744270262 0.10577668999898 0.097518047093655 0.0899042080987029 0.0828848291094775 0.0751811700709229 0.0693113106052813
"21_21A2_Abies_France_Corse" "21_21A2" "France Corse" 0.999989 0.012643 6.14086e-05 0.149636 FALSE "Abies_France_Corse" 0.22 11 TRUE 0.914778860619661 0.836834393383439 0.765535660145481 0.709280783579514 0.6488566313324 0.593583478309375 0.54997215579254 0.503127907587091 0.460276302095233 0.426465243408433 0.390147202662605 0.356924084876116 0.330709758014938 0.302551293013665 0.276791990505115 0.256466591719644 0.234633463541274 0.214660236698314 0.198900104334198 0.181970633964118
"21_21A2_Abies_France_Haute_Provence" "21_21A2" "France Haute Provence" NA NA NA NA FALSE "Abies_France_Haute_Provence" 0.1 3 FALSE 0 0 0 0 0 0 0 0 0 0 0 0 0 0 0 0 0 0 0 0
"21_21A2_Abies_France_Massif_Central_West" "21_21A2" "France Massif Central West" 0.997582 0.0113984 0.0020701 0.137681 FALSE "Abies_France_Massif_Central_West" 0.35 7 TRUE 0.91027038212135 0.840309442357954 0.775849874375643 0.708352714422089 0.654239444301045 0.604356315826279 0.55836533124142 0.510173063838787 0.471509425233216 0.435844766038775 0.402941274948689 0.368438769845408 0.340738722374511 0.315170593597437 0.29156660741965 0.266798348911184 0.246899528215871 0.228520333016981 0.209224495183886 0.193714098088621
"21_21A2_Abies_France_Pyrenees" "21_21A2" "France Pyrenees" NA NA NA NA TRUE "Abies_France_Pyrenees" 0 0 FALSE 0 0 0 0 0 0 0 0 0 0 0 0 0 0 0 0 0 0 0 0
"21_21A2_Abies_Georgia_Ambrolauri" "21_21A2" "Georgia Ambrolauri" 0.252889 0.0408352 0.214915 0.166802 FALSE "Abies_Georgia_Ambrolauri" 0.2 6 TRUE 0.202837635921559 0.169895428147152 0.147329418594695 0.131368436111426 0.119785695957295 0.111205236485431 0.104742765962521 0.0998102711496162 0.0960050071921735 0.0930439570931414 0.0907237837313508 0.0888955887986584 0.0874485500023677 0.0862990375253191 0.0853832025451376 0.0846518202349873 0.0840666302399344 0.0835976931188791 0.0832214498745285 0.0829192771345149
"21_21A2_Abies_Italy_Lavarone_Trento" "21_21A2" "Italy Lavarone Trento" NA NA NA NA FALSE "Abies_Italy_Lavarone_Trento" 0.1 3 FALSE 0 0 0 0 0 0 0 0 0 0 0 0 0 0 0 0 0 0 0 0
"21_21A2_Abies_Poland_Sudety" "21_21A2" "Poland Sudety" NA NA NA NA FALSE "Abies_Poland_Sudety" 0.0666666666666667 2 FALSE 0 0 0 0 0 0 0 0 0 0 0 0 0 0 0 0 0 0 0 0
"21_21A2_Abies_Romania_SE_Carpathians" "21_21A2" "Romania SE Carpathians" 1 0.0088986 2.48043e-06 0.218444 FALSE "Abies_Romania_SE_Carpathians" 0.4 8 TRUE 0.956291905534862 0.914494319813416 0.882375571863634 0.84380890436435 0.814172902769679 0.778587392208883 0.744557328019772 0.718407406039961 0.687007805571664 0.662879221508576 0.633906743155525 0.611643242761635 0.584910264629397 0.559345767856328 0.539701077756503 0.516112638280614 0.4979864189778 0.47622128504633 0.459496157085082 0.439413385513757
"21_21A2_Abies_Slovakia_North_Region" "21_21A2" "Slovakia North Region" NA NA NA NA FALSE "Abies_Slovakia_North_Region" 0.133333333333333 4 FALSE 0 0 0 0 0 0 0 0 0 0 0 0 0 0 0 0 0 0 0 0
"22_Abies_France_Corse" "22" "France Corse" NA NA NA NA TRUE "Abies_France_Corse" 0 0 FALSE 0 0 0 0 0 0 0 0 0 0 0 0 0 0 0 0 0 0 0 0
"22_Abies_France_Haute_Provence" "22" "France Haute Provence" NA NA NA NA FALSE "Abies_France_Haute_Provence" 0.06 3 FALSE 0 0 0 0 0 0 0 0 0 0 0 0 0 0 0 0 0 0 0 0
"22_Abies_France_Massif_Central_West" "22" "France Massif Central West" NA NA NA NA FALSE "Abies_France_Massif_Central_West" 0.02 1 FALSE 0 0 0 0 0 0 0 0 0 0 0 0 0 0 0 0 0 0 0 0
"22_Abies_France_Pyrenees" "22" "France Pyrenees" NA NA NA NA TRUE "Abies_France_Pyrenees" 0 0 FALSE 0 0 0 0 0 0 0 0 0 0 0 0 0 0 0 0 0 0 0 0
"22_Abies_Georgia_Ambrolauri" "22" "Georgia Ambrolauri" 0.999889 0.0289373 1.99189e-05 0.2601 FALSE "Abies_Georgia_Ambrolauri" 0.28 14 TRUE 0.889081454360627 0.790555536736163 0.702949766151221 0.625053612710042 0.555790758583241 0.494204215483799 0.452536373996111 0.402393071309314 0.357806782072316 0.318161565439163 0.282909762461492 0.251564425299348 0.2303567266121 0.204834953324335 0.182141248204674 0.161962183135433 0.144019072018781 0.128064119176751 0.113876994818494 0.104278097640392
"22_Abies_Germany_Traunstein" "22" "Germany Traunstein" 0.999682 0.042206 9.88463e-06 0.173852 FALSE "Abies_Germany_Traunstein" 0.12 6 TRUE 0.771783049020017 0.595840175723611 0.460008137362302 0.355142321565043 0.286264457573794 0.2210072472019 0.170626618744472 0.131731075580805 0.10618349596771 0.0819786275922939 0.0632915090959804 0.0488642730474313 0.0393880069439103 0.0304097022114748 0.0234780223970233 0.0181264201238209 0.0146112841503004 0.0112808308146343 0.00870953500136027 0.00672434574528215
"22_Abies_Poland_Sudety" "22" "Poland Sudety" NA NA NA NA FALSE "Abies_Poland_Sudety" 0.02 1 FALSE 0 0 0 0 0 0 0 0 0 0 0 0 0 0 0 0 0 0 0 0
"22_Abies_Romania_SE_Carpathians" "22" "Romania SE Carpathians" 1 0.0373087 7.48835e-10 0.256501 FALSE "Abies_Romania_SE_Carpathians" 0.14 7 TRUE 0.858911046379965 0.737728185681391 0.633642888058532 0.544242876208038 0.467456218511387 0.401503310017535 0.344855628378618 0.296200308867645 0.254409717469983 0.226983786817789 0.194958882073349 0.167452337617085 0.143826662722739 0.123534309564119 0.106104983265307 0.0911347423626342 0.0782766370710941 0.0672326683879643 0.0577468816781038 0.0515216400614775
"22_Abies_Slovakia_North_Region" "22" "Slovakia North Region" 0.999531 0.0305067 9.44988e-09 0.143868 FALSE "Abies_Slovakia_North_Region" 0.24 12 TRUE 0.804655442820786 0.647774189113049 0.521479603107741 0.419808293689201 0.337959534312337 0.272068581752683 0.219024190226491 0.176321704240501 0.141944793491968 0.114270245563363 0.0919913209019674 0.0740560510507995 0.0596175666895727 0.047994110069386 0.0386368437037154 0.0311039353028195 0.0250396952910765 0.0201577818202131 0.0162276802508812 0.0130638186892564
"22_Abies_Slovenia_Pohorsko" "22" "Slovenia Pohorsko" NA NA NA NA TRUE "Abies_Slovenia_Pohorsko" 0 0 FALSE 0 0 0 0 0 0 0 0 0 0 0 0 0 0 0 0 0 0 0 0
"23_Abies_France_Corse" "23" "France Corse" 0.397088 0.011129 0.00648153 0.254938 FALSE "Abies_France_Corse" 0.34 17 TRUE 0.379774575619096 0.363323312215187 0.347686670814455 0.332819963762048 0.318681170920155 0.305230768488454 0.292431569529703 0.280248575353387 0.268648836974859 0.257601325926793 0.24707681375444 0.237047759576461 0.229835441038714 0.220611872910408 0.211815894735087 0.203425414491264 0.195419587398271 0.187778739977049 0.180484299050135 0.173518725340151
"23_Abies_France_Haute_Provence" "23" "France Haute Provence" 0.325236 0.0171136 0.00058492 0.354785 FALSE "Abies_France_Haute_Provence" 0.24 12 TRUE 0.30882894778025 0.293259105058615 0.278483271157539 0.264460499052853 0.251151976546321 0.242658185733995 0.230459274256124 0.218880713424881 0.207890600810231 0.197458692679681 0.187556316829737 0.181235434832488 0.172155905437921 0.163536518219997 0.155353689654111 0.147585058294159 0.142625563669747 0.135500686711997 0.128735874902958 0.122312725298432
"23_Abies_France_Massif_Central_West" "23" "France Massif Central West" 0.310564 0.0141614 0.00116243 0.320641 FALSE "Abies_France_Massif_Central_West" 0.22 11 TRUE 0.293357790510116 0.281097438704133 0.26936242852829 0.258129710188699 0.247377268294934 0.237084074428074 0.227230041929052 0.217795982801289 0.205838965609327 0.197314968516344 0.189152961828608 0.181337200950879 0.17385264185448 0.166684909220367 0.159820266061271 0.15324558475287 0.144908791008634 0.13896285407731 0.13326717595135 0.127810966313577
"23_Abies_France_Pyrenees" "23" "France Pyrenees" 0.579364 0.0132434 2.55907e-05 0.239716 FALSE "Abies_France_Pyrenees" 0.4 20 TRUE 0.542003688053416 0.513858416122053 0.487175319017325 0.461878401983333 0.437895621730055 0.409661445268934 0.388391152576625 0.368225733267835 0.349107770137152 0.330982831099933 0.313799313927905 0.293569510136566 0.278329191659313 0.263880404020635 0.250182019734642 0.237195049212711 0.224882529582195 0.210387117792119 0.199466757695764 0.189113479137343
"23_Abies_Georgia_Ambrolauri" "23" "Georgia Ambrolauri" 0.584605 0.00464792 1.66389e-09 0.186877 FALSE "Abies_Georgia_Ambrolauri" 0.5 25 TRUE 0.568490086204802 0.555400846364281 0.540090958951955 0.527655596849761 0.515506553631741 0.501296371365593 0.489754238018614 0.478477857345134 0.465288388691719 0.454575323711852 0.444108922460445 0.431866849827886 0.421923301451229 0.412208699012007 0.400845971192205 0.391616665242743 0.382599860104059 0.372053313989678 0.363486946621223 0.353467257041321
"23_Abies_Germany_Traunstein" "23" "Germany Traunstein" 0.44565 0.00488615 7.35157e-05 0.176055 FALSE "Abies_Germany_Traunstein" 0.4 20 TRUE 0.432744059898709 0.420212834688952 0.408045416953683 0.398176161789432 0.386648445351197 0.375455329908683 0.366376298391427 0.35577153437898 0.345474515230797 0.337122281439781 0.327366395726114 0.317893559498558 0.310209800553892 0.301234678368331 0.292519896780353 0.2854509812848 0.277193986625797 0.269176449989589 0.262673059741508 0.25507659363841
"23_Abies_Poland_Sudety" "23" "Poland Sudety" 0.164235 0.0133525 0.00299209 0.201979 FALSE "Abies_Poland_Sudety" 0.16 8 TRUE 0.153578009026275 0.143641804194606 0.134375749311939 0.125732892362294 0.117669688568653 0.110145744917167 0.103123584431982 0.0965684286292191 0.0904479967071514 0.0847323201472823 0.0793935715089025 0.0744059062985232 0.0697453168861975 0.065389497523813 0.0613177195966194 0.057510716309136 0.0539505760706921 0.0506206439046824 0.0475054302596098 0.0445905266495565
"23_Abies_Romania_SE_Carpathians" "23" "Romania SE Carpathians" 0.376203 0.0115337 3.25912e-05 0.256007 FALSE "Abies_Romania_SE_Carpathians" 0.3 15 TRUE 0.359145266538384 0.342861496021137 0.327316547105647 0.312476875120298 0.298310459468743 0.284786734337168 0.27187652255413 0.259551972459456 0.247786497645208 0.236554719437965 0.228466508972019 0.218111070278822 0.208225324864183 0.198787954081079 0.189778607569143 0.181177859245124 0.172967165294994 0.165128824076605 0.157645937845938 0.150502376223953
"23_Abies_Slovakia_North_Region" "23" "Slovakia North Region" 0.448682 0.0139583 5.08822e-07 0.232878 FALSE "Abies_Slovakia_North_Region" 0.4 20 TRUE 0.418229889207472 0.395363175096675 0.373746708332684 0.34838050436674 0.329332833249026 0.311326600103055 0.290196883006357 0.27433041981012 0.259331459639758 0.245152571159863 0.228514113896154 0.216020169819032 0.204209334055547 0.190349707074484 0.179942406763035 0.170104126338342 0.160803754347913 0.149890072568298 0.141694904072923 0.133947806115855
"23_Abies_Slovenia_Pohorsko" "23" "Slovenia Pohorsko" 0.205564 0.0353577 0.127084 0.194188 FALSE "Abies_Slovenia_Pohorsko" 0.16 8 TRUE 0.168638258654514 0.146063807422414 0.128666959240814 0.11504214290523 0.104218749902161 0.0955123962784526 0.0871765258117279 0.0815793833254951 0.0769354281087056 0.0730537407954805 0.0697879612278365 0.0670244919407578 0.0646741510346713 0.0623004753350884 0.0606295248858396 0.0591903454272423 0.0579470429758728 0.056870091239158 0.0559350336459207 0.0551214841203013
"24_Abies_Croatia_Crni_Lazi" "24" "Croatia Crni Lazi" NA NA NA NA FALSE "Abies_Croatia_Crni_Lazi" 0.04 2 FALSE 0 0 0 0 0 0 0 0 0 0 0 0 0 0 0 0 0 0 0 0
"24_Abies_France_Corse" "24" "France Corse" 0.999972 0.0291562 0.000225251 0.094395 FALSE "Abies_France_Corse" 0.1 5 TRUE 0.722186086831735 0.521607638193101 0.388073329706946 0.280331979942558 0.208593459906617 0.150703565759661 0.108887963897692 0.0810394598271058 0.0585621259773951 0.0435904764931168 0.0315047350824953 0.0227715984671983 0.0169534001809479 0.0122557070870698 0.00912556416020327 0.00659789084976699 0.00477072036378265 0.00355298785534714 0.00256942743701647 0.00191383329516254
"24_Abies_France_Haute_Provence" "24" "France Haute Provence" NA NA NA NA TRUE "Abies_France_Haute_Provence" 0 0 FALSE 0 0 0 0 0 0 0 0 0 0 0 0 0 0 0 0 0 0 0 0
"24_Abies_France_Massif_Central_West" "24" "France Massif Central West" NA NA NA NA FALSE "Abies_France_Massif_Central_West" 0.06 3 FALSE 0 0 0 0 0 0 0 0 0 0 0 0 0 0 0 0 0 0 0 0
"24_Abies_France_Pyrenees" "24" "France Pyrenees" 0.999982 0.0183728 0.000111635 0.0951215 FALSE "Abies_France_Pyrenees" 0.24 12 TRUE 0.815474341959534 0.665026363477633 0.55249510368168 0.450585205465283 0.374355844873213 0.305318444555224 0.253675687629889 0.20690319319484 0.171913946058848 0.14022303915274 0.116514881560202 0.0950406897689222 0.0789750127097355 0.0644225329784463 0.0535347796872851 0.0436720941670756 0.0362927882856271 0.0296079429094731 0.0246060919370285 0.0200747635510174
"24_Abies_Georgia_Ambrolauri" "24" "Georgia Ambrolauri" 0.997568 0.0325692 3.30693e-05 0.292775 FALSE "Abies_Georgia_Ambrolauri" 0.2 10 TRUE 0.873823186615248 0.791199204480899 0.693060041549104 0.627532337163131 0.549699183190713 0.497729422083433 0.450674317447528 0.394782099308434 0.357462032102068 0.31313277357983 0.283533229270811 0.25673239795327 0.224897662836353 0.203640721282551 0.178390964379874 0.16153086133468 0.14150366780375 0.128130736817667 0.116021966802622 0.101638458618416
"24_Abies_Germany_Traunstein" "24" "Germany Traunstein" 0.999931 0.0224901 1.31522e-05 0.077509 FALSE "Abies_Germany_Traunstein" 0.16 8 TRUE 0.743954026115062 0.553507978810092 0.411816169013724 0.306397081436363 0.227964685875556 0.16961031005056 0.126193981247437 0.0938916037298348 0.0698580717015326 0.0519766340056994 0.0395620519707629 0.0294356531456898 0.0219013187342955 0.0162955332054361 0.0121246331341265 0.00902132562134473 0.00671233822787459 0.0049943506004538 0.00371608758673924 0.00276499644896673
"24_Abies_Poland_Sudety" "24" "Poland Sudety" 0.999884 0.0222256 2.82526e-07 0.0775811 FALSE "Abies_Poland_Sudety" 0.16 8 TRUE 0.746538569193537 0.557384538826766 0.416157400438137 0.310713671546087 0.231986728370056 0.173207205217409 0.129320925710239 0.0965543160500937 0.0720899319400919 0.0550476628844592 0.041100005424092 0.030686327076923 0.0229112074084381 0.017106102916631 0.0127718621029643 0.00953580579439574 0.00711968224146409 0.00531574159336527 0.00405908767394214 0.00303062186506931
"24_Abies_Romania_SE_Carpathians" "24" "Romania SE Carpathians" NA NA NA NA FALSE "Abies_Romania_SE_Carpathians" 0.08 4 FALSE 0 0 0 0 0 0 0 0 0 0 0 0 0 0 0 0 0 0 0 0
"24_Abies_Slovakia_North_Region" "24" "Slovakia North Region" NA NA NA NA FALSE "Abies_Slovakia_North_Region" 0.06 3 FALSE 0 0 0 0 0 0 0 0 0 0 0 0 0 0 0 0 0 0 0 0
